000000000000000000000000000000000000000000000000000000000000000000000000000000000000000000222222000000000000000000000000000000000000000000000000000000
000000000000000000000000000000000000000000000000000000000000000000000000000000000000000000222222000000000000000000000000000000000000000000000000000000
000000000000000000000000000000000000000000000000000000000000000000000000000000000000000000222222000000000000000000000000000000000000000000000000000000
000000000000000000000000000000000000000000000000000000000000000000000000000000000000000000222222000000000000000000000000000000000000000000000000000000
000000000000000000000000000000000000000000000000000000000000000000000000000000000000000000222222000000000000000000000000000000000000000000000000000000
000000000000000000000000000000000000000000000000000000000000000000000000000000000000000000222222000000000000000000000000000000000000000000000000000000
000000000000000000000000000000000000000000000000000000000000000000000000000000000000000000222222000000000000000000000000000000000000000000000000000000
000000000000000000000000000000000000000000000000000000000000000000000000000000000000000000222222000000000000000000000000000000000000000000000000000000
000000000000000000000000000000000000000000000000000000000000000000000000000000000000000000222222000000000000000000000000000000000000000000000000000000
000000000000000000000000000000000000000000000000000000000000000000000000000000000000000000222222000000000000000000000000000000000000000000000000000000
000000000000000000000000000000000000000000000000000000000000000000000000000000000000000000222222000000000000000000000000000000000000000000000000000000
000000000000000000000000000000000000000000000000000000000000000000000000000000000000000000222222000000000000000000000000000000000000000000000000000000
000000000000000000000000000000000000000000000000000000000000000000000000000000000000000000222220000000000000000000000000000000000000000000000000000000
000000000000000000000000000000000000000000000000000000000000000000000000000000000000000000222220000000000000000000000000000000000000000000000000000000
000000000000000000000000000000000000000000000000000000000000000000000000000000000000000000222220000000000000000000000000000000000000000000000000000000
000000000000000000000000000000000000000000000000000000000000000000000000000000000000000000222220000000000000000000000000000000000000000000000000000000
000000000000000000000000000000000000000000000000000000000000000000000000000000000000000000222220000000000000000000000000000000000000000000000000000000
000000000000000000000000000000000000000000000000000000000000000000000000000000000000000000222220000000000000000000000000000000000000000000000000000000
000000000000000000000000000000000000000000000000000000000000000000000000000000000000000000222220000000000000000000000000000000000000000000000000000000
000000000000000000000000000000000000000000000000000000000000000000000000000000000000000000222220000000000000000000000000000000000000000000000000000000
000000000000000000000000000000000000000000000000000000000000000000000000000000000000000000222220000000000000000000000000000000000000000000000000000000
000000000000000000000000000000000000000000000000000000000000000000000000000000000000000000222220000000000000000000000000000000000000000000000000000000
000000000000000000000000000000000000000000000000000000000000000000000000000000000000000000222220000000000000000000000000000000000000000000000000000000
000000000000000000000000000000000000000000000000000000000000000000000000000000000000000000222220000000000000000000000000000000000000000000000000000000
000000000000000000000000000000000000000000000000000000000000000000000000000000000000000000222220000000000000000000000000000000000000000000000000000000
000000000000000011111111111111111111111111111111111110000000000000000000000000000000000000222220000000000000000000000000000000000000000000000000000000
000000000000000011111111111111111111111111111111111110000000000000000000000000000000000000222220000000000000000000000000000000000000000000000000000000
000000000000000011000000000000000000000000000000000110000000000000000000000000000000000000222220000000000000000000000000000000000000000000000000000000
000000000000000011000000000000000000000000000000000110000000000000000000000000000000000000222220000000000000000000000000000000000000000000000000000000
000000000000000011000000000000000000000000000000000110000000000000000000000000000000000000222220000000000000000000000000000000000000000000000000000000
000000000000000011000000000000000000000000000000000110000000000000000000000000000000000000222220000000000000000000000000000000000000000000000000000000
000000000000000011000000000000000000000000000000000110000000000000000000000000000000000000222220000000000000000000000000000000000000000000000000000000
000000000000000011000000000000000000000000000000000110000000000000000000000000000000000000222220000000000000000000000000000000000000000000000000000000
000000000000000011000000000000000000000000000000000110000000000000000000000000000000000000222220000000000000000000000000000000000000000000000000000000
000000000000000011000000000000000000000000000000000110000000000000000000000000000000000000222220000000000000000000000000000000000000000000000000000000
000000000000000011000000000000000000000000000000000110000000000000000000000000000000000000222220000000000000000000000000000000000000000000000000000000
000000000000000011000000000000000000000000000000000110000000000000000000000000000000000000222220000000000000000000000000000000000000000000000000000000
000000000000000011000000000000000000000000000000000113333300000000000000000000000000000000222220000000000000000000000000000000000000000000000000000000
000000000000000011000000000000000000000000000000000113333000000000000000000000000000000000222220000000000000000000000000000000000000000000000000000000
000000000000000011000000000000000000000000000000000113330000000000000000000000000000000000222220000000000000000000000000000000000000000000000000000000
000000000000000011000000000000000000000000000000000113300000000000000000000000000000000000222220000000000000000000000000000000000000000000000000000000
000000000000000011000000000000000000000000000000000113000000000000000000000000000000000000222220000000000000000000000000000000000000000000000000000000
000000000000000011000000000000000000000000000000000113000000000000000000000000000000000000222220000000000000000000000000000000000000000000000000000000
000000000000000011000000000000000000000000000000000113000000000000000000000000000000000000222220000000000000000000000000000000000000000000000000000000
000000000000000011000000000000000000000000000000000113000000000000000000000000000000001111222220000000000000000000000000000000000000000000000000000000
000000000000000111100000000000000000000000000000000113300000000000000000000000000000001111222220000000000000000000000000000000000000000000000000000000
000000000000001111110000000000000000000000000000000113333333333333333333333333333333331111222220000000000000000000000000000000000000000000000000000000
000000000000011111111000000000000000000000000000000111111111111111111111111111111111111111222220000000000000000000000000000000000000000000000000000000
000000000000111111111100000000000000000000000000000111111111111111111111111111111111111111222220000000000000000000000000000000000000000000000000000000
000000000001111111111110000000000000000000000000000110000000000000000000000000000000001111222220000000000000000000000000000000000000000000000000000000
000000000011111111111111000000000000000000000000000000000000000000000000000000000000000000222220000000000000000000000000000000000000000000000000000000
222222222222222222222222222222222222222222222222222222222222222222222222222222222222222222222220000000000000000000000000000000000000000000000000000000
222222222222222222222222222222222222222222222222222222222222222222222222222222222222222222222220000000000000000000000000000000000000000000000000000000
222222222222222222222222222222222222222222222222222222222222222222222222222222222222222222222220000000000000000000000000000000000000000000000000000000
000000000000000000000000000000000000000000000000000000000000000000000000000000000000000000222220000000000000000000000000000000000000000000000000000000
000000000000000000000000000000000000000000000000000000000000000000000000000000000000000000222220000000000000000000000000000000000000000000000000000000
000000000000000000000000000000000000000000000000000000000000000000000000000000000000000000222220000000000000000000000000000000000000000000000000000000
000000000000000000000000000000000000000000000000000000000000001111111111111110000000000000222220000000000000000000000000000000000000000000000000000000
000000000000000000000000000000000000000000000000000000000000001111111111111110000000000000222220000000000000000000000000000000000000000000000000000000
000000000000000000000000000000000000000000000000000000000000001122222222222110000000000000222220000000000000000000000000000000000000000000000000000000
000000000000000000000000000000000000000000000000000000000000001122222222222110000000000000222220000000000000000000000000000000000000000000000000000000
000000000000000000000000000000000000000000000000000000000000001122222222222110000000000000222220000000000000000000000000000000000000000000000000000000
000000000000000000000000000000000000000000000000000000000000001122222222222110000000000000222220000000000000000000000000000000000000000000000000000000
000000000000000000000000000000000000000000000000000000000000001122222222222110000000000000222220000000000000000000000000000000000000000000000000000000
000000000000000000000000000000000000000000000000000000000000001122222222222110000000000000222220000000000000000000000000000000000000000000000000000000
000000000000000000000000000000000000000000000000000000000000001122222222222110000000000000222220000000000000000000000000000000000000000000000000000000
000000000000000000000000000000000000000000000000000000000000001122222222222110000000000000222220000000000000000000000000000000000000000000000000000000
000000000000000000000000000000000000000000000000000000000000001122222222222110000000000000222220000000000000000000000000000000000000000000000000000000
000000000000000000000000000000000000000000000000000000000000001122222222222110000000000000222220000000000000000000000000000000000000000000000000000000
000000000000000000000000000000000000000000000000000000000000001111111111111110000000000000222220000000000000000000000000000000000000000000000000000000
000000000000000000000000000000000000000000000000000000000000001111111111111110000000000000222220000000000000000000000000000000000000000000000000000000
000000000000000000000000000000000000000000000000000000000000000000000000000000000000000000222220000000000000000000000000000000000000000000000000000000
000000000000000000000000000000000000000000000000000000000000000000000000000000000000000000222220000000000000000000000000000000000000000000000000000000
000000000000000000000000000000000000000000000000000000000000000000000000000000000000000000222220000000000000000000000000000000000000000000000000000000
000000000000000000000000000000000000000000000000000000000000000000000000000000000000000000222220000000000000000000000000000000000000000000000000000000
000000000000000000000000000000000000000000000000000000000000000000000000000000000000000000222220000000000000000000000000000000000000000000000000000000
000000000000000000000000000000000000000000000000000000000000000000000000000000000000000000222220000000000000000000000000000000000000000000000000000000
000000000000000000000000000000000000000000000000000000000000000000000000000000000000000000222220000000000000000000000000000000000000000000000000000000
000000000000000000000000000000000000000000000000000000000000000000000000000000000000000000222220000000000000000000000000000000000000000000000000000000
000000000000000000000000000000000000000000000000000000000000000000000000000000000000000000222220000000000000000000000000000000000000000000000000000000
000000000000000000000000000000000000000000000000000000000000000000000000000000000000000000222220000000000000000000000000000000000000000000000000000000
000000000000000000000000000000000000000000000000000000000000000000000000000000000000000000222220000000000000000000000000000000000000000000000000000000
000000000000000000000000000000000000000000000000000000000000000000000000000000000000000000222220000000000000000000000000000000000000000000000000000000
000000000000000000000000000000000000000000000000000000000000000000000000000000000000000000222220000000000000000000000000000000000000000000000000000000
000000000000000000000000000000000000000000000000000000000000000000000000000000000000000000222220000000000000000000000000000000000000000000000000000000
000000000000000000000000000000000000000000000000000000000000000000000000000000000000000000222220000000000000000000000000000000000000000000000000000000
000000000000000000000000000000000000000000000000000000000000000000000000000000000000000000222220000000000000000000000000000000000000000000000000000000
000000000000000000000000000000000000000000000000000000000000000000000000000000000000000000222220000000000000000000000000000000000000000000000000000000
000000000000000000000000000000000000000000000000000000000000000000000000000000000000000000222220000000000000000000000000000000000000000000000000000000
000000000000000000000000000000000000000000000000000000000000000000000000000000000000000000222220000000000000000000000000000000000000000000000000000000
000000000000000000000000000000000000000000000000000000000000000000000000000000000000000000222220000000000000000000000000000000000000000000000000000000
000000000000000000000000000000000000000000000000000000000000000000000000000000000000000000222220000000000000000000000000000000000000000000000000000000
000000000000000000000000000000000000000000000000000000000000000000000000000000000000000000222220000000000000000000000000000000000000000000000000000000
000000000000000000000000000000000000000000000000000000000000000000000000000000000000000000222220000000000000000000000000000000000000000000000000000000
000000000000000000000000000000000000000000000000000000000000000000000000000000000000000000222220000000000000000000000000000000000000000000000000000000
000000000000000000000000000000000000000000000000000000000000000000000000000000000000000000222220000000000000000000000000000000000000000000000000000000
000000000000000000000000000000000000000000000000000000000000000000000000000000000000000000222220000000000000000000000000000000000000000000000000000000
000000000000000000000000000000000000000000000000000000000000000000000000000000000000000000222220000000000000000000000000000000000000000000000000000000
000000000000000000000000000000000000000000000000000000000000000000000000000000000000000000222220000000000000000000000000000000000000000000000000000000
000000000000000000000000000000000000000000000000000000000000000000000000000000000000000000222220000000000000000000000000000000000000000000000000000000
000000000000000000000000000000000000000000000000000000000000000000000000000000000000000000222220000000000000000000000000000000000000000000000000000000
000000000000000000000000000000000000000000000000000000000000000000000000000000000000000000222220000000000000000000000000000000000000000000000000000000
000000000000000000000000000000000000000000000000000000000000000000000000000000000000000000222220000000000000000000000000000000000000000000000000000000
000000000000000000000000000000000000000000000000000000000000000000000000000000000000000000222220000000000000000000000000000000000000000000000000000000
000000000000000000000000000000000000000000000000000000000000000000000000000000000000000000222220000000000000000000000000000000000000000000000000000000
000000000000000000000000000000000000000000000000000000000000000000000000000000000000000000222220000000000000000000000000000000000000000000000000000000
000000000000000000000000000000000000000000000000000000000000000000000000000000000000000000222220000000000000000000000000000000000000000000000000000000
000000000000000000000000000000000000000000000000000000000000000000000000000000000000000000222220000000000000000000000000000000000000000000000000000000
000000000000000000000000000000000000000000000000000000000000000000000000000000000000000000222220000000000000000000000000000000000000000000000000000000
000000000000000000000000000000000000000000000000000000000000000000000000000000000000000000222220000000000000000000000000000000000000000000000000000000
000000000000000000000000000000000000000000000000000000000000000000000000000000000000000000222220000000000000000000000000000000000000000000000000000000
000000000000000000000000000000000000000000000000000000000000000000000000000000000000000000222220000000