Height: 50
Width: 50
00000000000000000000000000000000000000002222200000
00000000000000000000000000000000000000002222200000
00000000000000000000000000000000000000002222200000
00000000000000000000000000000000000000002222200000
00000000000000000000000000000000000000002222200000
00000000000000000000000000000000000000002222200000
00000000000000000000000000000000000000002222200000
00000000000000000000000000000000000000002222200000
00000000000000000000000000000000000000002222200000
00000000000000000000000000000000000000002222200000
00000000000000000000000000000000000000002222200000
00000000000000000000000000000000000000002222200000
00000000000000000000000000000000000000002222200000
00000000000000000000000000000000000000002222200000
00000000000000000000000000000000000000002222200000
00000000000000000000000000000000000000002222200000
00000000000000000000000000000000000000002222200000
00000000000000000000000000000000000000002222200000
00000000000000000000000000000000000000002222200000
00000000000000000000000000000000000000002222200000
00000000000000000000000000000000000000002222200000
00000000000000000000000000000000000000002222200000
00000000000000000000000000000000000000002222200000
00000000000000000000000000000000000000002222200000
00000000000000000000000000000000000000002222200000
00000000000000000000000000000000000000002222200000
00000000000000000000000000000000000000002222200000
00000000000000000000000000000000000000002222200000
00000000000000000000000000000000000000002222200000
00000000000000000000000000000000000000002222200000
00000000000000000000000000000000000000002222200000
00000000000000000000000000000000000000002222200000
00000000000000000000000000000000000000002222200000
00000000000000000000000000000000000000002222200000
00000000000000000000000000000000000000002222200000